
-642701989
-12002961
-13254798
-14630369
-9496300
-7756357
-6654279
-8966380
-6567666
-7002866
-6804892
-5788574
-5382388
-8206489
-7159025
-26280477
-10432831
-11567335
-16628444
-12872079
-27894981
-12037094
-10021525
-7807130
-12118161
-8772675
-7243078
-7842970
-6702065
-11737575
-17561562
-6040734
-6103881
-5444255
-5439988
-9377260
-25045280
-5055136
-6191774
-12461627
-7594650
-9257367
-8454808
-9627286
-6696519
-9058541
-5706227
-12374587
-6518173
-9452780
-9528726
-6522866
-7642437
-6956359
-6778439
-7022919
-9197207
-8244889
-7022065
-8555502
-8193689
-5590601
-7070705
-8620355
-7983770
-4708683
-5815881
-5480948
-5022282
-5603828
-7062598
-7282758
-5957960
-7569904
-6151667
-5876040
-4898123
-5066229
-5530441
-4887030
-5857694
-8460782
-4450124
-15057888
-7965850
-17335003
-7549851
-7285745
-13084559
-8350276
-5242869
-13884984
-6771613
-6031774
-7306652
-11886055
-7157318
-14577889
-6522866
-6915398
-6582172
-5442549
-4994976
-4666017
-7012252
-5620894
-6614173
-6858226
-7136411
-6362013
-5750601
-5662281
-7362544
-6491293
-11646268
-5738228
-5542388
-6307826
-6248520
-5909320
-5257802
-6461427
-4631030
-4603297
-5286816
-5926814
-6995611
-7398811
-5532148
-7997423
-5902921
-4998389
-4288845
-4926283
-5230922
-6274974
-5798814
-6522013
-6100894
-4566604
-4774817
-4995402
-4856310
-6686279
-5893961
-3727778
-3968845
-5160949
-5515082
-6354760
-5123829
-5971614
-5254389
-7097158
-5844041
-4322977
-5619615
-5831668
-5246708
-7048518
-5191243
-6047987
-4555937
-5439988
-5875187
-13436558
-6152520
-5008203
-14979808
-6999878
-6816412
-4640844
-5779614
-4985163
-5207883
-4966389
-4939936
-5650335
-5043189
-5261216
-4752203
-4542284
-5247989
-4198817
-5039349
-4631883
-4690764
-4814496
-5489481
-6355187
-4690764
-6338120
-6549320
-4924150
-4020898
-5510389
-5638388
-5060256
-4197111
-4061431
-5032096
-4260257
-4078925
-4207351
-4703137
-4644257
-6201587
-5020150
-5314122
-4796150
-5517215
-6167454
-6618866
-4321697
-6600519
-6089373
-4299511
-4270498
-4679243
-5140469
-5175456
-4729163
-4787190
-6068041
-5430175
-4847349
-6925212
-6839452
-4929697
-6828785
-9069207
-3882232
-6136307
-4247885
-4739403
-6961905
-14481462
-6368840
-6993052
-4787189
-5453642
-5988254
-8768408
-5830388
-4491938
-5738228
-7511878
-4348577
-10732351
-6174707
-7405638
-4496204
-5259508
-6262600
-5466441
-6095774
-5330762
-4802550
-4887883
-4244898
-5282122
-3705166
-5132362
-4570017
-4351137
-4513270
-4507297
-4215884
-6422600
-28410819
-5194229
-5158389
-5787295
-5511241
-5067509
-5468149
-5802228
-4613536
-4500044
-4004685
-4467190
-4069538
-4602017
-4780789
-5074762
-3843832
-5537695
-3778125
-4711670
-4857163
-3919352
-4991989
-4231671
-5640521
-4820469
-4904949
-4666444
-4401484
-5291936
-5224095
-5772788
-4769270
-5047882
-5377695
-4786764
-4291831
-4453537
-4363511
-6974278
-7913370
-4634016
-7621104
-5629001
-7813103
-5870068
-8929261
-4150604
-4606283
-5122550
-4874229
-4941643
-5622602
-5683187
-4712523
-4438604
-4646390
-5899081
-5743348
-4037965
-4539297
-5810334
-6973852
-6463133
-4229538
-4359244
-5281695
-4736843
-4884896
-5055136
-3986765
-3902285
-5604681
-4413431
-5651188
-5072203
-4969803
-4090018
-6076147
-4005965
-4642977
-4918176
-5140043
-5732254
-3812259
-3660792
-4267084
-4351137
-4721483
-4669857
-3778978
-5305588
-3526820
-3906979
-3560526
-5288522
-5708788
-4766709
-4471884
-3920632
-4019618
-4285858
-4695030
-4372471
-4876790
-3917645
-4593910
-4276045
-4826870
-3834445
-4308471
-4127992
-4602444
-5713908
-20771369
-7740997
-4686923
-9826539
-4599883
-5266762
-4961696
-4370337
-5236895
-4221431
-4154445
-4529911
-3692366
-3505486
-4150178
-4038818
-5236469